image_width: 1278
image_height: 958
camera_name: camera
camera_matrix:
  rows: 3
  cols: 3
  data: [1003.175781, 0.000000, 664.744059, 0.000000, 1003.217357, 506.323441, 0.000000, 0.000000, 1.000000]
distortion_model: plumb_bob
distortion_coefficients:
  rows: 1
  cols: 5
  data: [-0.365992, 0.135927, -0.003144, -0.001379, 0.000000]
rectification_matrix:
  rows: 3
  cols: 3
  data: [1.000000, 0.000000, 0.000000, 0.000000, 1.000000, 0.000000, 0.000000, 0.000000, 1.000000]
projection_matrix:
  rows: 3
  cols: 4
  data: [834.972778, 0.000000, 671.786101, 0.000000, 0.000000, 912.013123, 508.986193, 0.000000, 0.000000, 0.000000, 1.000000, 0.000000]
